Rs=0.02;
Ls=0.4;
Sm=0.2205;
p=4;
J=0.006;
B=0;
f=60;